GeomCompP3fix = {{5, 2, 4.490210920785528, 5.043695591544514, 
      7.142993108778071, 1.123264737564301, 1.5907923335433112}, 
     {5, 3, 4.523281486185081, 5.093206503380012, 7.440018638217215, 
      1.1259981318729742, 1.6448276900167227}, {5, 4, 4.476258183435882, 
      5.047585922712487, 7.4519188402977345, 1.127635117516404, 
      1.6647651978326679}, {5, 5, 4.40713854309205, 5.009481233881565, 
      7.3781777530099975, 1.136674326186921, 1.6741424579390383}, 
     {6, 2, 4.478503468079894, 5.026826456746255, 7.113395196025669, 
      1.122434423144803, 1.588342009049611}, {6, 3, 4.516124163998307, 
      5.082657792434987, 7.434164822557231, 1.1254468672391649, 
      1.6461382709140275}, {6, 4, 4.468507138071488, 5.045406048347308, 
      7.444532057135794, 1.1291032759824116, 1.665999813161022}, 
     {6, 5, 4.401973306843921, 5.004865253519997, 7.371726849147147, 
      1.136959473547633, 1.6746414244916101}, {7, 2, 4.4730774467616925, 
      5.023244900824757, 7.119639433429264, 1.122995289174204, 
      1.5916646912929182}, {7, 3, 4.512893624247681, 5.078752658837739, 
      7.427991757283931, 1.1253871865159215, 1.6459487804838762}, 
     {7, 4, 4.466962692197892, 5.037742722546028, 7.438284413112762, 
      1.1277781055447529, 1.6651771966004225}, {7, 5, 4.393424335227278, 
      4.995134442368528, 7.365378143423341, 1.1369569750676318, 
      1.6764549885078013}, {8, 2, 4.455002366214985, 5.010935105390369, 
      7.089746632168085, 1.1247884273623205, 1.5914125401894244}, 
     {8, 3, 4.480461868231469, 5.056049545577303, 7.419549409961118, 
      1.1284661479717113, 1.6559786977697832}, {8, 4, 4.431200408803775, 
      5.020019822601915, 7.430215466464478, 1.1328803392932287, 
      1.676795175343988}, {8, 5, 4.367457775263516, 4.976906909107113, 
      7.356515797443265, 1.1395432229008384, 1.684393112878899}, 
     {9, 2, 4.456020690512077, 5.011075196000266, 7.079935558416466, 
      1.1245628205160785, 1.5888471015162304}, {9, 3, 4.478774160977649, 
      5.053268518739419, 7.418865373940337, 1.1282704456873902, 
      1.6564499810191167}, {9, 4, 4.43685519626286, 5.019877139246009, 
      7.429868906662374, 1.1314043206715931, 1.6745799846973854}, 
     {9, 5, 4.363845534486132, 4.976997639122457, 7.356235528571158, 
      1.1405072887641812, 1.6857231701803115}}
