GeomCompP2fix = {{5, 2, 8.1641775179911, 7.297778617054222, 
      7.658128598415035, 1.1187209076077183, 1.0493780368342098}, 
     {5, 3, 8.27027499490783, 7.390160929600901, 7.660425820273972, 
      1.1190926792651672, 1.0365709073520362}, {5, 4, 8.294184434028214, 
      7.410607839848339, 7.6443671564750195, 1.1192313253210762, 
      1.0315438789473799}, {5, 5, 8.302730199986332, 7.408146452018865, 
      7.629368808204119, 1.1207567579503879, 1.0298620387188708}, 
     {5, 6, 8.270773317756104, 7.411078846769592, 7.615126223014868, 
      1.116001258219138, 1.0275327493424549}, {5, 7, 8.246215140375554, 
      7.414442059778386, 7.607802589359964, 1.1121828283087332, 
      1.02607890492941}, {5, 8, 8.209702505512654, 7.414411849768233, 
      7.596769496239082, 1.1072628108417366, 1.0245950252246305}, 
     {6, 2, 8.183169431891496, 7.2828848531773085, 7.656096983290898, 
      1.1236164784785, 1.0512450955407826}, {6, 3, 8.272114132825244, 
      7.375765922573465, 7.655356287817422, 1.1215261194106652, 
      1.0379066212484147}, {6, 4, 8.2958543774059, 7.392737323899829, 
      7.637732761387222, 1.1221627408005423, 1.0331400165802391}, 
     {6, 5, 8.30488169660775, 7.3899443497171875, 7.622248259029336, 
      1.123808421767828, 1.0314351364934213}, {6, 6, 8.27046008250659, 
      7.392125523936341, 7.607835388053843, 1.1188202981302369, 
      1.0291810337120244}, {6, 7, 8.245711056949096, 7.394696169476281, 
      7.599363413677473, 1.1150844967756244, 1.027677573156557}, 
     {6, 8, 8.209840217395326, 7.394015853565854, 7.588441649436222, 
      1.1103357606997868, 1.0262950201515464}, {7, 2, 8.139351954622905, 
      7.272275019332877, 7.653848964048803, 1.119230492931711, 
      1.0524696802171998}, {7, 3, 8.273850855852077, 7.366659000732945, 
      7.651671191186663, 1.1231483437782137, 1.03868947787937}, 
     {7, 4, 8.29746807814947, 7.382014384037793, 7.63314924667912, 
      1.1240113668826182, 1.0340198284067772}, {7, 5, 8.306015030806059, 
      7.379552919107507, 7.616793018545605, 1.1255444769966634, 
      1.0321483024837217}, {7, 6, 8.271834734206383, 7.381082737460933, 
      7.60204070274612, 1.1206803972301582, 1.0299357117572692}, 
     {7, 7, 8.247101091704952, 7.383283492043783, 7.5937109842801025, 
      1.116996401478017, 1.0285005299421424}, {7, 8, 8.21090714144076, 
      7.382742348971008, 7.58247241982957, 1.1121757679360407, 
      1.0270536423211898}, {8, 2, 8.161708042426671, 7.267478156025833, 
      7.651586458322602, 1.1230454178468205, 1.052853038433736}, 
     {8, 3, 8.273814512912477, 7.363209627881679, 7.653269975771302, 
      1.123669558664021, 1.0393931943471058}, {8, 4, 8.294644245577965, 
      7.37301081600858, 7.629213656063402, 1.1250009599291917, 
      1.0347487405685807}, {8, 5, 8.304411039428459, 7.373922120613884, 
      7.617093401123011, 1.1261864315346353, 1.032977196738943}, 
     {8, 6, 8.269257876835416, 7.370349396662971, 7.597299678983727, 
      1.1219628041758019, 1.030792336985206}, {8, 7, 8.243496603823736, 
      7.372385661843324, 7.5889313178144215, 1.1181586235360628, 
      1.029372535011544}, {8, 8, 8.208082660251346, 7.3717489062648935, 
      7.577360536890888, 1.113451199250112, 1.0278918385908744}, 
     {9, 2, 8.157799199908984, 7.259725899056288, 7.650044005476885, 
      1.1237062271138143, 1.0537648544652818}, {9, 3, 8.27408611276313, 
      7.351594416210065, 7.645525380241204, 1.125481853911717, 
      1.0399819341751266}, {9, 4, 8.29499479866686, 7.367939964707385, 
      7.626033038371726, 1.125822799642789, 1.0350292042145584}, 
     {9, 5, 8.303226844049007, 7.363914626298827, 7.609841177880344, 
      1.1275560982735464, 1.0333961709310475}, {9, 6, 8.26960640215073, 
      7.365507151061614, 7.594364566950123, 1.1227477256550902, 
      1.0310715082064}, {9, 7, 8.243844492930975, 7.368342206190501, 
      7.585979056454602, 1.118819438924121, 1.0295367457392592}, 
     {9, 8, 8.207951464798985, 7.367709159558823, 7.574194026904452, 
      1.1140439025270203, 1.0280256539548303}, {10, 2, 8.13952074420229, 
      7.250578611847649, 7.646698128695212, 1.1226029231518273, 
      1.0546328145729351}, {10, 3, 8.272724005165886, 7.341299886835669, 
      7.641266620006871, 1.1268745498328485, 1.0408601661551926}, 
     {10, 4, 8.293371716162678, 7.35754724461959, 7.621779530770336, 
      1.1271924515642675, 1.035913094046929}, {10, 5, 8.301360052664489, 
      7.352761483186525, 7.60511120373774, 1.1290125582948818, 
      1.0343204007267557}, {10, 6, 8.267316254180763, 7.3542696138885475, 
      7.589469387129359, 1.1241519128654087, 1.0319813911631193}, 
     {10, 7, 8.24235220258976, 7.356879372831031, 7.581131371745313, 
      1.1203598407537823, 1.0304819458835284}, {10, 8, 8.20655885534668, 
      7.356241833343516, 7.569389193054897, 1.1155912273232977, 
      1.0289750343368609}, {11, 2, 8.156521323404654, 7.242204721557713, 
      7.64337181390347, 1.1262483783598818, 1.055392951148096}, 
     {11, 3, 8.27418049329235, 7.33299634052444, 7.637184177487886, 
      1.1283491916621629, 1.0414820658347268}, {11, 4, 8.294778670943147, 
      7.348122321139323, 7.616889818192467, 1.1288296939587479, 
      1.036576350434443}, {11, 5, 8.302681290954013, 7.344111146254498, 
      7.600419085047078, 1.1305222818132845, 1.0348997902793582}, 
     {11, 6, 8.268267775104793, 7.3457646558661445, 7.58480228434026, 
      1.1255829940729123, 1.0325408775903575}, {11, 7, 8.24294697645449, 
      7.348521131591193, 7.576094717071149, 1.1217150810138072, 
      1.0309686236733564}, {11, 8, 8.207600458296731, 7.348084692678047, 
      7.564544800159172, 1.116971401605529, 1.0294580311107213}, 
     {12, 2, 8.140504874842904, 7.245619369566117, 7.644641994249256, 
      1.1235071095558218, 1.0550708785999938}, {12, 3, 8.27372895834481, 
      7.3379779451635985, 7.638678834019339, 1.1275216442695848, 
      1.0409787125421834}, {12, 4, 8.29480174249332, 7.352609057470687, 
      7.6184130936162004, 1.1281439931945394, 1.0361509817899865}, 
     {12, 5, 8.302077750392437, 7.347423024052507, 7.601986190351959, 
      1.1299305515981284, 1.0346465918004333}, {12, 6, 8.267516444296406, 
      7.354309204246333, 7.590883055488233, 1.1241730820241815, 
      1.0321680588443718}, {12, 7, 8.242728240089091, 7.352100240761982, 
      7.5773914257463915, 1.1211392622735519, 1.0306431057258083}, 
     {12, 8, 8.205873668345474, 7.350981954368575, 7.565645945294977, 
      1.1162962607286568, 1.0292020837840352}, {13, 2, 8.138949810486613, 
      7.239956729346874, 7.642330658202504, 1.1241710571964756, 
      1.0555768416715288}, {13, 3, 8.272027332113852, 7.330145562015976, 
      7.63609353094152, 1.1284942791557382, 1.0417383210656732}, 
     {13, 4, 8.292509664779413, 7.347128567831489, 7.615606069111947, 
      1.1286735475253775, 1.0365418270283107}, {13, 5, 8.300555699120405, 
      7.341821367568338, 7.599017369227258, 1.1305853525376097, 
      1.0350316343564354}, {13, 6, 8.266344996035816, 7.34757021766147, 
      7.5876598607140435, 1.1250447088162385, 1.0326760596959612}, 
     {13, 7, 8.24063236571104, 7.346664289932786, 7.57449380512644, 
      1.121683534254215, 1.0310112870552492}, {13, 8, 8.204867259587218, 
      7.345458837925976, 7.562571495750929, 1.1169986028951595, 
      1.0295573990155604}}
