GeomCompP3var = {{21, 2, 0.05401644782947336, 1.048208077178074, 
      3.3514478508497345, 19.405350023889078, 62.04495085330401}, 
     {21, 3, 0.37578244125849575, 1.129545514883009, 3.8306624921547936, 
      3.005849637625856, 10.19383044967695}, {21, 5, 0.7740659911553535, 
      1.18300276048413, 4.033394005330848, 1.528297036688573, 
      5.210659105835014}, {21, 8, 1.1139922443861168, 1.216219035884487, 
      4.162266511944833, 1.09176616086291, 3.736351426969329}, 
     {34, 2, 1.240585960002402, 2.472451642333821, 4.261969192120327, 
      1.9929708396256829, 3.4354485134686477}, {34, 3, 1.386316141722166, 
      2.4797552626209, 4.657613432458536, 1.7887372064646074, 
      3.359705115077551}, {34, 5, 1.5628557100240645, 2.5455236806146297, 
      4.872423003828929, 1.6287643601951163, 3.117640977716301}, 
     {34, 8, 1.705598273396165, 2.5704710374261066, 4.996647319976525, 
      1.5070788224403033, 2.9295569759385756}, {55, 2, 2.690884520695353, 
      3.4377131039962396, 5.150087068679359, 1.2775401833698528, 
      1.9139011834474866}, {55, 3, 2.8374489760343398, 3.4215328396998363, 
      5.480651776629995, 1.2058482350163071, 1.9315419670699538}, 
     {55, 5, 3.0769445500207753, 3.4010889172118106, 5.697093071650227, 
      1.1053461841516927, 1.851542326822809}, {55, 8, 3.190706141529445, 
      3.4402585770549035, 5.823089956956369, 1.0782122904636517, 
      1.8250160618567985}, {89, 2, 3.499098536535983, 4.248536773053945, 
      6.001844953771379, 1.2141803749430522, 1.715254626613931}, 
     {89, 3, 3.4942100949909145, 4.237854629571305, 6.279707226876772, 
      1.2128219295246252, 1.797175057069114}, {89, 5, 3.5489868610622066, 
      4.217203911760388, 6.4851020524803555, 1.1882838897009003, 
      1.8273108090739376}, {89, 8, 3.553870737450761, 4.172647664221341, 
      6.607612951495894, 1.1741135152299986, 1.8592721681924826}, 
     {144, 2, 4.289441085352099, 5.043404065413961, 6.805468148903984, 
      1.1757718465085232, 1.5865629142556126}, {144, 3, 4.296088939901432, 
      5.031651609463531, 7.040991456719281, 1.1712168160045064, 
      1.638930561079312}, {144, 5, 4.348506506977813, 5.01342366942241, 
      7.236732730383376, 1.152907017933086, 1.664188088202463}, 
     {144, 8, 4.363845534486132, 4.976997639122457, 7.356235528571158, 
      1.1405072887641812, 1.6857231701803115}}
